0.026289269574392284, 0.1021808463721483, 0.3444250911489684
0.026522007290186476, 0.10214875077495227, 0.3440858864114517
0.02636728393038299, 0.10217239519652661, 0.3443167201874561
0.02653997868809723, 0.10204994668505049, 0.3442179173321393
0.02647582178075129, 0.10197540709749639, 0.3444659271867894
0.026648723887501377, 0.10190676935607716, 0.34425727254506067
0.02653951603878529, 0.10190795870742396, 0.34445460173167863
0.02625523992977989, 0.1020737741731439, 0.3446451831013785
0.026172585429514846, 0.1021176739894418, 0.34472491940232
0.026188792745311572, 0.10201273342453157, 0.34475193214104205
0.026231040805604844, 0.10204811621922856, 0.3445793772486429
0.02645822937216874, 0.1019065128400817, 0.3443206429627106
0.02623628488083826, 0.10189426119168427, 0.34478526341971305
0.026158751204791126, 0.1019866575550351, 0.3448271561524955
0.026017712600697643, 0.10195275431404432, 0.34515493892488264
0.025999227583873446, 0.10202934839703781, 0.3450969615235667
0.02598573640917086, 0.102085250112718, 0.3450546470773645
0.02597588995911962, 0.1021260496326529, 0.3450237641416557
0.025960820334086074, 0.10191553657859438, 0.3452665998173805
0.02611869338777821, 0.10203960721745835, 0.3448180611723867
0.026149459973420535, 0.1019557568759402, 0.34481991108334054
0.02625637085674124, 0.10206896175163287, 0.34449204817462076
0.02621408086365709, 0.10220632214365818, 0.3444021076247358
0.026467131276719014, 0.10216734410853653, 0.34406911202906126
0.026327233012836515, 0.10218596542554369, 0.34430447750866877
0.026694532748066463, 0.10218248484694159, 0.34365948621152076
0.02662949308150785, 0.10216450911638351, 0.3438475534678702
0.02669145033439308, 0.10222360968038469, 0.34365235001888517
0.02653162091776342, 0.10231919097380461, 0.34378925914186936
0.026450832566127427, 0.10215980934377113, 0.3440690463121536
0.026230886367897013, 0.10207912807145662, 0.3446016371671901
0.0260703600013961, 0.1020202433460396, 0.34499034529435246
0.02603765196223432, 0.10207860484780636, 0.3449768338847588
0.02603722995715405, 0.10199455054535488, 0.3450408808049826
0.026013472205243842, 0.102059853116827, 0.34501371691327204
0.025996132757592282, 0.10210751379296473, 0.34499389151564575
0.025983477669434214, 0.10214229864138186, 0.344979422072341
0.02601491146607851, 0.10225984661708214, 0.34475781443648285
0.02599718319317196, 0.10225347780679199, 0.3448071226825945
0.02573267494881528, 0.1022448981559693, 0.345296382996262
0.025867726813640437, 0.10210558719217147, 0.34516901129522215
0.025803802849431304, 0.1021711751294149, 0.3451842691331076
0.025843106880691625, 0.10218876147233395, 0.3451183679938442
0.025863909429126843, 0.1019613064252277, 0.3453356458512333
0.02580252416224833, 0.10193425194943236, 0.3455260569728337
0.025757722506534447, 0.10191450640833205, 0.3456650273471243
0.025725024296413802, 0.10190009524781676, 0.34576645401153416
0.025786728510292546, 0.10225689594812955, 0.34509287672757816
0.0258317629474933, 0.1025173047228527, 0.3446012705310585
0.025863513384577635, 0.10244138200599193, 0.34469287008565114
0.026037028277911864, 0.10246659286669652, 0.3443190295095053
0.026013325010901738, 0.10240437027279188, 0.34448687822931556
0.02615701359999981, 0.10239637945259623, 0.34424898621486794
0.026100895552894205, 0.10235312544866751, 0.34443575756582445
0.026017190574530304, 0.10231379774380707, 0.34465902001842996
0.026120723401588452, 0.10220914815698513, 0.344598462999103
0.026150941566389755, 0.10207949527748728, 0.3446596387206851
0.0260964639168826, 0.10212184950190806, 0.34473546974627445
0.02620993339526767, 0.1020045576956585, 0.3447327216629705
0.02605506760447975, 0.10196581862048494, 0.34508601649931775
0.0259420397690796, 0.10193754514711167, 0.34534386654100363
0.02590125066750495, 0.10201048904224803, 0.34532179771290805
0.02599177125020191, 0.10200866406683276, 0.34515626824173545
0.026057837135181047, 0.10200733211986243, 0.34503545758544796
0.02610605491094027, 0.10200636000664003, 0.3449472846784168
0.026063703670232936, 0.1020684721787871, 0.3449454063617051
0.02594834274802343, 0.10201246620896778, 0.3452412431055192
0.025940715173187263, 0.10183263842238345, 0.34542532548820487
0.0260205741745257, 0.10187886089670982, 0.34523182734543456
0.025811205646008892, 0.10188497375351847, 0.3455857564463393
0.025845194064865837, 0.10197339825062428, 0.34533505345511806
0.025873316002159603, 0.1020444152459132, 0.3452284169946107
0.025971383308226164, 0.10203342489583256, 0.34508811490455515
0.025965414437554755, 0.10208822532004065, 0.34504819042743295
0.026038600779195654, 0.10206539940629192, 0.34495657766404475
0.026107295126846362, 0.10206816064149915, 0.3447621120362262
0.025978650294657037, 0.10214385959389563, 0.3448872962365354
0.02597071820245974, 0.10216882539841582, 0.3449016241700385
0.026125917285526445, 0.10222446848920738, 0.34455168596335606
0.026070316846313602, 0.10198736696968537, 0.34492205649143753
0.02617409468719305, 0.10211781714653369, 0.3445190426865077
0.02625586065997426, 0.1021397213059825, 0.3443242069708836
0.026129107410580495, 0.10228844740046075, 0.34435693964411035
0.026037780823614205, 0.10226659287209511, 0.3446014952478737
0.026168012943842023, 0.10205802671071311, 0.34459884829838394
0.026024472223411206, 0.10200484264897988, 0.3449883098557784
0.0260817037373436, 0.10200454308178067, 0.3449128742007931
0.02620006980958392, 0.10186677129907178, 0.34482610629292604
0.02588326908055255, 0.10195853650635717, 0.34529309733702096
0.02589778911491872, 0.10202708756882123, 0.3451214580221429
0.025949105336144168, 0.10189775931180817, 0.34523302350512636
0.025864703865758887, 0.10188787248344962, 0.34545115869100435
0.025928225143273694, 0.10207415526617793, 0.3451021084772469
0.02584946458669745, 0.10201661397499737, 0.3453556111711339
0.02583368524570849, 0.102068196935115, 0.3453303694582525
0.025739518089362666, 0.10188795038536302, 0.3457446353976283
0.02583685908200889, 0.10207421212240551, 0.3453163006285368
0.025890682520821117, 0.10199134454200812, 0.3452886384992051
0.02611272751567556, 0.1020052491525924, 0.3449154301825916
0.026068573629349622, 0.10206766142886092, 0.34492215755580313
