0.02659896641931193, 0.11259930902449537, 0.34317678982740263
0.027382263440365318, 0.11242603459351581, 0.342024888304908
0.02629152165579586, 0.1126652985969063, 0.34346724682070834
0.027292839970023988, 0.11243651050754978, 0.34202923368523486
0.026212761068666032, 0.11264568889328125, 0.34362057723318223
0.022923981805708097, 0.11292994211163702, 0.3480731121226878
0.02492781101465247, 0.1127431515066303, 0.3449714841920251
0.02457608691697812, 0.11296917641910667, 0.3454497727955991
0.024390893756220652, 0.11309066495056244, 0.3457095977161662
0.026087497770750527, 0.11283943881297116, 0.3430517097806705
0.026803994369554333, 0.11257312886763177, 0.3423840262532357
0.027790088864812674, 0.1124652395220109, 0.3407506086529426
0.02686291461574047, 0.11282130726166796, 0.3418667204029038
0.027257294362203702, 0.1123731132423724, 0.3420899675015591
0.026747919263872592, 0.11269313442573628, 0.34241031206416467
0.025904481616392607, 0.11293267176331584, 0.3435805172277527
0.026553631409370927, 0.11258296476155501, 0.34309966309300827
0.0273413889878422, 0.11252023065992103, 0.34178356705989177
0.02623375627078702, 0.11271000462048697, 0.34343494077848913
0.025695575549300256, 0.11253836597149947, 0.3446735324555638
0.026757227954344154, 0.11261250340142978, 0.342614155039393
0.02592103295673937, 0.11282219526534833, 0.34377646439580894
0.026605407293224657, 0.11263296350629201, 0.34297684234736553
0.027117317130542207, 0.11227920013833262, 0.34268029284039286
0.027728835658425717, 0.11233737209416765, 0.3414445820676926
0.028184814052943027, 0.11222804595896142, 0.3407562223288452
0.027263091451383368, 0.11270410790240416, 0.3415561176258924
0.02382164688600143, 0.11307752581581576, 0.3462634290676937
0.023902642845745486, 0.11330399189895096, 0.3459640820477625
0.02396175724382818, 0.11346927676294895, 0.345745605484771
0.021077801806437913, 0.11397451455318941, 0.3493903780110182
0.023147927432389734, 0.1132641104544278, 0.3472905570620087
0.0232521605133004, 0.1131261695856705, 0.3475222287753966
0.02347720484863503, 0.11317974805547884, 0.3471278232137851
0.023424047170980736, 0.11320967052555422, 0.3472942035014784
0.02395842969278989, 0.11335321453949168, 0.3461119048175356
0.02158862767868938, 0.11349395811719828, 0.34941914483845016
0.023095876837687688, 0.1129103907866831, 0.3481681761404344
0.025106176014621492, 0.11276531183023958, 0.3449072641525597
0.026326363113671813, 0.11265776575021094, 0.34297493732882417
0.02595668613256623, 0.11289921652506522, 0.34328795625798986
0.026565504520934584, 0.1125312913278491, 0.34303049596927737
0.027400686327874162, 0.1122705117139121, 0.3420068758809497
0.028139479311934626, 0.1123064058033926, 0.34059681586479235
0.02695081553779132, 0.11264668178487407, 0.34214117596231935
0.023672767610658067, 0.11297851981679116, 0.34661135103702395
0.02314232125632687, 0.11262477875567885, 0.3481592274008739
0.022763085592458106, 0.11231653893389902, 0.34933212043821993
0.023067686001651235, 0.11261434153608392, 0.34854310502648783
0.02474897152790378, 0.11244776386943535, 0.34596189104780795
0.02577896736666597, 0.1121821266769392, 0.3447767172407123
0.024670007262574328, 0.1122333683423486, 0.3466973689148323
0.024819224336381215, 0.11251164825693628, 0.346006035138195
0.025775564473433637, 0.11237859535354505, 0.3447484296974695
0.026622737181447143, 0.11220301577575441, 0.34357591803876014
0.026156060498062725, 0.1124749193947241, 0.34389784236433873
0.025535875595822446, 0.1126801604551165, 0.34473135072602135
0.026258378564713174, 0.11237141461594521, 0.344083948455589
0.027156349563393772, 0.11229199052688887, 0.3425445758781647
0.02635914066963978, 0.11258399168282415, 0.34349245365538345
0.025715058403240374, 0.11281120502297182, 0.3441700619685813
0.02687619217138584, 0.11271579200600487, 0.34220092282975934
0.027688420267448735, 0.11255528606741179, 0.34094098175129994
0.026728426368422847, 0.11278846838128237, 0.3422200497911479
0.02754366244360454, 0.11266062419868077, 0.3410315282407604
0.02781915424319301, 0.11231740094182999, 0.3411801456923077
0.026890815914039787, 0.11270677354064572, 0.34216512442755465
0.02559858089495394, 0.11261690837975237, 0.34441318054563463
0.026565212996688525, 0.11253046711243436, 0.34297488702242734
0.02707030330717516, 0.11213891295898493, 0.34287403208055345
0.027865309245915255, 0.11222512381929604, 0.3412550234667535
0.02830561642101443, 0.11213283121837975, 0.34057342705913185
0.027332981519714545, 0.11233191321859343, 0.342027162895246
0.026241966647720286, 0.11254079943082453, 0.34361668346155727
0.02466955998785336, 0.11246711192907234, 0.34637747026692267
0.02413201565573566, 0.11260260334598175, 0.3471511885431576
0.025794282479055332, 0.1124236310915338, 0.3444658797971426
0.026988042130156226, 0.11242886265350371, 0.3422747948529904
0.02604819174663326, 0.11259870864889061, 0.34370423605349976
0.027379616481088807, 0.11250063045082238, 0.3414115173651352
0.02640971439949787, 0.11275852843292918, 0.3427397185623809
0.027018382970089082, 0.1125171229886301, 0.34220494261023665
0.02605144940698442, 0.11283638354685573, 0.3434168640647365
0.02693948629178566, 0.11266645225848004, 0.3421527735489483
0.027473569098840245, 0.11239616533208073, 0.3416893755857783
0.025981689441119813, 0.11276215251160887, 0.34367702766934927
0.026683959024012594, 0.11245917608780073, 0.3430358332171655
0.025929311119708795, 0.1127184443768154, 0.3439477989099293
0.025141508930173233, 0.11291740029236498, 0.3450622915883283
0.026286804316853353, 0.11280315851217074, 0.3431830690572028
0.026703934957368735, 0.11246815193308936, 0.3431117457794368
0.025899846468216813, 0.11279299866884586, 0.3439485471487658
0.026828839828664117, 0.11263478807476583, 0.34254081914508006
0.02603505147500275, 0.11284661369462275, 0.3435865159643816
0.026763784302387135, 0.11263451294208604, 0.342739475409046
0.027382639704129217, 0.11251872025810103, 0.3418433064351486
0.026572228489276366, 0.11285370519305639, 0.34264912817624765
0.02715726819586346, 0.1126580407217995, 0.3419692027290191
0.026305382549543718, 0.11285972986268616, 0.3430538937097424
0.02727937439983079, 0.11265447573124265, 0.3415583272004993
